nServices=200;
nBuses=100;
nDrivers=100;
time_start=[940 399 976 932 808 120 804 711 227 397 1038 999 800 54 691 102 394 83 474 386 921 1014 289 534 52 241 135 1030 218 460 30 714 680 206 193 550 648 451 732 721 1129 526 920 38 268 285 848 183 755 1086 1177 619 647 438 314 132 1030 671 616 429 572 547 125 994 810 388 1147 1177 1111 345 573 308 716 143 893 1012 598 709 352 959 842 119 925 1114 332 863 1131 373 274 803 932 1053 50 167 839 688 288 240 806 566 371 576 1042 1144 35 1083 149 434 722 734 1146 508 461 681 1113 746 773 942 205 279 894 264 16 1177 445 833 766 738 240 613 924 44 926 810 997 733 630 584 389 366 1015 1154 533 124 1125 612 59 73 959 576 197 832 889 794 1143 41 378 333 437 655 510 958 522 647 637 875 281 767 574 1139 1079 1022 1117 203 843 879 227 73 429 868 893 1164 603 806 873 660 117 1075 771 1034 38 764 93 131 32 839 911 927 747 1043];
duration_min=[20 49 7 22 93 143 145 172 40 104 91 51 62 155 183 176 95 128 133 176 14 184 13 64 171 146 92 166 161 68 162 102 154 14 75 190 27 123 38 151 176 72 108 134 92 24 154 12 134 64 31 178 130 73 104 59 88 133 121 79 185 75 131 198 41 73 39 27 8 90 136 153 187 23 176 81 195 40 42 14 13 172 12 18 98 87 91 88 80 134 113 138 158 184 177 174 109 94 198 148 150 32 50 136 21 42 134 167 74 68 21 110 67 39 14 44 25 19 113 81 83 116 60 156 193 197 91 141 179 175 180 138 132 171 175 17 110 129 138 149 165 56 190 148 73 183 29 50 124 40 140 58 51 111 166 45 165 186 85 110 97 109 13 103 164 91 37 169 61 93 113 66 28 35 48 193 53 144 101 156 142 126 162 199 182 136 89 134 20 155 52 133 63 65 178 161 116 18 124 156];
duration_km=[41 90 41 91 13 69 15 86 95 13 62 98 76 94 54 73 1 20 80 65 39 72 46 76 1 47 89 75 96 93 48 38 51 39 79 51 4 54 96 3 23 60 85 4 10 95 46 70 58 33 53 82 11 95 7 58 22 90 85 35 41 49 56 36 25 57 26 8 43 79 37 78 63 70 70 85 12 35 24 68 48 50 53 23 28 51 14 96 35 96 69 44 48 43 74 23 70 74 34 13 47 12 36 71 40 41 68 26 81 49 87 34 9 37 33 42 31 96 85 68 2 98 68 80 63 75 82 33 24 73 27 73 74 90 11 7 61 39 67 41 18 78 31 63 3 14 63 73 50 88 87 7 32 39 67 81 89 81 23 99 51 68 23 10 74 4 42 83 58 54 30 31 58 23 23 33 89 79 88 31 37 72 44 85 7 87 99 65 84 71 50 62 64 38 22 43 97 85 65 82];
nPassengers=[12 18 2 11 10 6 16 18 19 13 15 14 2 17 12 20 2 11 16 27 7 2 11 4 31 8 1 2 4 11 17 17 12 1 5 22 27 14 0 8 3 1 18 9 3 0 14 11 2 3 2 9 31 29 10 6 8 1 8 3 16 2 20 3 12 5 3 11 1 37 30 10 8 2 4 0 7 13 6 8 2 7 1 2 28 32 6 21 18 33 0 11 6 22 4 3 12 10 50 4 14 1 2 14 5 2 3 0 20 0 8 6 3 9 19 43 2 0 15 6 0 1 5 6 0 13 11 17 8 8 12 28 8 21 2 3 5 9 8 9 18 37 7 3 2 5 6 6 2 3 12 14 12 19 10 5 9 3 3 31 0 18 10 14 3 8 11 0 1 12 13 10 1 5 2 6 18 6 4 1 6 5 11 24 12 50 21 15 33 11 8 24 4 11 14 3 11 4 21 1];
cap_b=[7 22 10 7 15 25 48 29 40 16 20 7 36 16 30 22 13 4 49 28 13 31 23 7 39 50 33 48 49 31 30 22 20 7 35 33 44 42 22 23 35 19 43 22 46 19 39 43 48 11 35 41 21 33 22 7 20 45 9 17 5 30 38 38 17 39 38 35 16 29 44 27 10 44 20 35 41 48 34 28 20 21 42 20 31 48 18 30 17 22 27 45 39 41 14 40 34 45 27 9];
euros_min_b=[12.3819488159 10.3354008904 12.1750689848 12.7810973162 13.0321455345 14.9159524635 11.4631163313 12.7220823558 12.9006966059 11.5084016728 11.4369024529 11.5474926031 13.4387289432 14.7940566571 14.037320842 13.0883450099 12.2692373882 11.1496652459 12.3061016648 11.3062228672 11.8554657469 10.4917189471 13.0692935772 13.3646521872 14.1111603203 14.674419747 11.1574941411 12.5021039457 13.8977784476 11.2499275926 11.8619756293 10.0658636653 13.4260621291 12.9947350716 12.6614650187 12.1124455395 14.145166351 12.4940213741 12.4577362701 13.0465523539 11.6179903432 12.5779866632 10.9654472044 11.2238222044 11.5202990584 10.7577782837 12.2037839276 12.1367234714 11.4588752897 11.5941004917 10.3558186709 11.1801742161 13.5281086537 10.64192733 10.8197715295 14.5411972509 13.9102376236 12.9729775066 10.5295512568 11.5304320359 10.3913397928 14.4483420821 11.0066546614 14.3024605737 11.4064581812 14.3473427903 14.205526636 11.8957751785 10.9287615007 10.6206040953 10.360330442 13.7939264279 10.391390483 14.7318228905 13.8469831783 11.69798892 11.447573237 14.7372314461 11.1883249795 10.1162430891 14.1622145167 11.5970331041 13.2592078719 12.5741486815 14.1437880582 10.6288323016 14.6193430228 13.404106609 14.0180075238 14.4193204521 12.1546315411 12.3783596317 14.0854951814 11.3105809758 14.4330007039 14.2512766112 13.3628382441 13.0285652886 12.0830802897 13.1723772471];
euros_km_b=[11.878840547 11.8252949568 10.6990738232 10.2027410688 10.2335312483 11.2635802956 10.8992920305 11.4214467456 10.1543587525 11.8498413896 10.0445302789 10.2187230234 10.2429465719 11.1392736698 10.4507780756 10.1337144146 10.9040494145 10.7891092508 10.2194079341 10.5430773613 11.1502912278 10.3879675198 11.0892285631 11.9567299328 11.3685947647 10.59738233 10.2197614538 11.6484615059 10.588768411 11.400818457 10.1405701483 11.0637556216 11.9209954609 10.6866882749 11.7413192914 11.2523601539 10.4079081663 11.5341525345 10.6191602971 11.3114315713 10.4111727984 11.4354040772 11.1590770359 11.3859557681 10.7773661525 10.2647315724 11.0022575087 10.0515080772 11.0708310975 10.5656401329 11.7662146766 10.796331395 11.8870599953 10.297424568 10.6664287666 11.6298214069 11.4992784825 10.6428455853 11.7445999025 10.1615260493 11.3129282485 10.7656696621 11.989367502 10.7721737784 10.1847909104 11.9299514261 11.7460804579 10.963367368 11.684427501 10.2215895716 11.4943386737 11.0444227922 11.3257274625 11.6821480233 10.5975971845 11.2680082153 10.5121864735 11.4405337173 11.399435331 11.6632691793 10.5145887119 10.5743353835 10.6064006273 10.2547377524 11.9840885471 11.8390842496 10.0481095599 11.1155013359 10.0411025879 10.3616226224 11.4585796529 10.1210364626 10.4876065503 10.4121829106 11.9299441719 11.8148526996 11.2698549186 10.6502458823 10.0312206145 11.6591876335];
maxBuses=70;
max_d=[233 243 462 264 469 372 343 134 212 106 116 287 450 297 91 142 58 42 320 176 167 228 112 351 116 245 188 277 31 306 48 470 129 250 398 252 164 113 161 121 281 109 359 419 48 163 252 62 109 162 393 373 464 287 253 452 307 236 105 395 94 427 370 452 341 228 48 446 316 435 104 480 75 414 340 72 464 202 441 349 142 305 436 215 46 226 167 38 442 163 338 456 409 464 177 324 214 342 200 305];
CBM=10;
CEM=15;
BM=100;
