nServices=60;
nBuses=100;
nDrivers=100;
time_start=[194.991920558 146.514682147 113.129173225 196.241714569 137.930714736 100.913516143 103.957157271 128.159516503 116.360492932 164.542548021 155.610699918 128.055617661 125.793018776 149.389922657 122.513958574 194.59126645 147.389729303 187.335325125 112.999176385 127.596857659 137.798682029 180.785119059 176.923011578 147.824236292 108.12158128 155.692178632 181.33367621 121.194158669 161.634580267 143.474252624 194.81052904 165.553678628 105.276862618 139.934582551 170.55309478 123.020354285 122.69234043 190.429427212 197.747634299 158.20235393 108.679867137 139.460941932 189.175851924 128.706311812 134.554479603 143.149732597 113.049404116 131.915070308 146.351605342 121.909372152 116.179358956 126.858927872 177.476798245 164.63027045 105.211908996 198.282422511 181.383889771 128.888389169 172.868603049 195.359104788];
duration_min=[172.29599898 90.8769125533 74.0552107232 29.6013828188 112.052203289 125.639382927 174.645227677 67.8101958899 172.093148639 11.3829592088 40.5457424845 27.3511732305 115.153355719 154.3324352 121.463476826 175.655677805 158.112742247 147.862828717 151.051202401 186.970335541 130.586057363 98.9004264191 80.830087195 42.5490696955 122.468886025 98.1421069704 148.516529362 16.0918040533 145.601281441 148.347506046 32.3065427142 10.5971978674 26.9010427545 28.7703331135 20.97172218 134.503214291 59.5762711916 112.34506398 145.474383088 67.536329422 50.2728084068 165.823922588 182.670993329 93.9522121223 163.932377028 184.599370557 91.3544680504 22.0780634108 73.7705847262 188.732457519 86.2456134283 171.592740488 138.077828917 125.631257584 150.529300112 150.78154436 104.397120695 95.2018943297 50.3717495217 127.994526931];
duration_km=[24.2901563829 69.7548253045 85.7054295421 10.6407372727 94.4872672234 68.9502271676 47.2834436669 69.1103093707 80.7553855664 95.3412245765 67.6341600632 91.7300895182 15.5662228901 15.5043195095 42.0071627576 49.7146247406 44.6536850937 15.8238872087 86.9734021758 53.3349543498 79.1101239567 28.1646795661 74.7772685002 84.636703807 29.5336004746 18.7035315322 97.1532922312 50.9660347943 49.3529976256 31.7065485636 69.0182538235 1.82600737427 53.7072371063 34.9649723764 57.0109234819 41.4237797897 97.5619041263 12.7801233584 10.5358206104 36.0200812574 72.1617168896 38.0028949071 12.0805961167 68.8192238976 8.78389358954 18.3046192821 7.9487394743 55.1418814868 54.0256807951 64.4702885995 52.2409074423 40.6671694817 28.5966965366 8.64806497465 97.9828634314 74.5720497482 36.5530997635 2.670266048 93.4255231617 90.6971970444];
nPassengers=[4 3 4 1 1 3 1 4 3 4 1 3 4 2 3 3 1 3 3 3 1 1 3 3 3 2 4 3 2 1 1 3 4 1 3 1 3 3 4 1 2 3 2 4 2 2 2 1 3 1 3 3 1 3 1 2 1 4 3 4];
cap_b=[3 1 4 4 3 2 1 2 3 1 2 4 4 2 4 1 2 3 4 1 2 3 3 1 3 1 3 2 1 1 2 4 3 3 3 4 4 2 1 2 2 3 1 3 3 2 4 2 1 2 2 3 1 1 1 1 3 2 1 3 4 1 4 2 2 1 4 2 4 4 3 3 1 4 3 4 3 2 3 2 1 3 4 2 1 3 3 1 3 4 2 4 4 3 2 1 2 3 4 3];
euros_min_b=[10.2944564549 11.4556891084 14.362406617 11.9127877028 11.6580105853 12.5247080298 12.1560742789 13.4392383284 12.9060968451 13.2252942008 11.7473977136 13.2661967331 12.823996818 14.9119073604 11.0591797541 12.9815125762 12.5018336714 13.2609921937 10.2839431654 12.4434988124 12.0704096651 12.175180954 12.2213847025 14.3788120909 14.5171691022 12.6872150037 12.2467869468 10.9048738852 11.5401229251 12.6968097698 14.0277143997 11.6003353795 13.97650873 12.4762160092 13.2211806456 11.5717268834 10.0706305652 12.3869292651 12.4904509692 13.6376896713 14.2429629744 10.0462016795 11.6058642595 11.4291251013 14.6616788319 14.8562675199 13.8791548393 13.7362821013 11.790150111 10.8156642753 13.8690513064 13.4559115914 12.1001354023 14.568839872 10.5659836678 10.8175613779 13.8696456574 12.4391493256 13.0653684918 12.9066268369 11.1467968583 13.5271492456 13.7292799524 11.669071997 14.4319759816 12.8800048655 13.8399081759 12.7959925505 14.5545910721 10.5094439979 11.8836090775 13.9165071374 11.0413676722 14.9684123795 13.0078949669 10.6740079239 11.3752544848 12.0938924618 12.037824843 12.4738679288 13.52865478 12.5161389849 14.2410735721 11.1436528153 10.3686462883 13.3037376626 12.1960662413 14.0521784571 13.9069962835 11.0382113643 10.6276869651 12.1014049971 14.1314500993 14.6779301254 10.9728634299 10.9503398436 11.6613521422 12.812328193 10.793334054 11.550864304];
euros_km_b=[10.4378798596 10.4091548817 11.913637145 11.5751341354 11.2415525294 10.6477848484 10.5720620077 10.0878266873 11.4016100589 11.1938979849 11.4813704648 10.8267460522 10.3290937573 11.7431269946 11.9428510652 11.4508261643 11.8179475449 11.2018429848 10.3193888655 11.6980247758 11.1365752888 10.6738330509 11.3286152434 10.2866642997 11.5159810512 11.7943601309 10.6722584451 10.4925925033 11.2154201861 11.7349287121 10.1231311097 10.9031794402 11.9069207917 11.2762047418 10.7777015618 11.3850707385 10.812306487 10.1376902726 10.7450248375 10.3039465083 11.3995136914 10.5703152188 10.2773252435 11.0737291585 11.0923858034 10.0019195485 10.9969263071 11.0006146668 11.4293743948 11.67396717 11.8139297724 10.148984653 11.7342650942 10.1838565789 11.5854794509 11.7349400495 10.9739413409 11.3289103749 10.266811695 11.7514695211 11.3587904582 10.0667547781 10.5010666342 10.3539426392 10.6001879317 11.5752064536 10.0119094183 11.9235003797 11.8668813473 11.1840983774 11.5034981393 11.2316811395 11.1607481893 11.7086552293 11.5179022561 11.0488016416 11.3048104815 11.3083437509 11.5753808917 11.4999674767 11.3395034152 11.6155798975 11.3250466008 11.796084818 11.6276297108 11.3481187576 10.7262120937 10.245777841 10.5476399298 11.7114564255 10.1964138627 10.2006031497 10.6839386496 11.5597395294 10.8531203373 10.648898815 11.3054500761 10.2463253406 10.4878651136 11.1742559822];
maxBuses=70;
max_d=[86 77 72 92 55 73 58 68 79 46 72 90 66 82 80 70 32 81 55 93 89 66 32 97 100 82 30 92 61 33 43 69 79 62 41 84 74 85 90 41 62 60 74 73 91 36 63 48 92 43 91 30 50 47 64 53 86 82 30 57 52 63 40 76 36 50 48 54 60 45 33 97 77 87 67 77 40 43 58 39 35 89 66 32 51 38 50 34 62 62 89 87 67 30 83 52 49 42 59 34];
CBM=10;
CEM=15;
BM=100;
];
